0
32770
2050
10250
11
10
13
15
16
18
20
21
22
4120
25
38938
38939
28
28700
6174
6175
4127
6177
34
33
4132
36
38950
39
40
38952
35
44
45
6188
12335
49
47154
8245
54
6199
14392
6198
4153
38969
59
6206
32831
6207
65
66
67
67651
12357
8262
38987
76
12363
2124
79
75
12367
81
83
8276
36949
6230
28759
89
28763
92
4189
94
55390
96
97
98
101
77926
103
102
105
106
107
108
110
6256
115
22643
6262
49272
121
122
10363
123
24701
49277
10365
22656
6273
49276
14468
49284
134
136
140
142
144
49298
18579
24727
30872
151
153
49307
156
158
26786
165
10407
49319
170
4267
172
173
22702
49327
18608
49323
49332
183
184
185
49338
188
10430
2239
49343
195
197
4297
4303
39119
49361
49363
43222
22749
2275
2276
43241
53482
4332
14574
59630
18675
18681
18682
4345
49404
256
39168
4352
39184
35090
276
14615
71963
53535
4387
4394
39211
4403
309
39224
71994
49467
4413
319
22848
24897
57664
323
322
326
26950
4431
24914
2387
57684
4437
2391
24923
4444
14686
2400
57697
37218
4452
20837
39275
2413
4463
2415
22901
4470
378
49531
67964
4478
4482
37257
53642
22926
67982
4496
47506
37274
8603
29084
2459
43424
18853
29094
8615
8614
20907
27052
10668
18862
18863
27057
27058
27059
436
8629
437
27063
27068
2493
8638
10265
448
449
31169
27075
14788
55749
25034
55757
33231
18898
8658
467
2517
478
59871
55774
14819
45539
45546
10731
10732
10733
494
8687
499
501
63992
29180
61953
31233
10761
55817
10764
12815
2576
2580
534
535
2585
539
10780
540
542
2591
2587
16929
2588
6692
2599
27176
2601
554
59947
2604
23085
43565
12847
6703
76335
558
2605
2614
2615
2616
2618
39482
572
59965
8764
2623
8763
27201
2619
579
2628
16963
2630
2631
25151
580
12865
6731
588
2637
41550
12880
8785
12883
8787
2646
2649
25177
603
2651
2653
2654
604
33376
610
2662
19047
8812
55916
2668
2671
2672
2674
627
2678
78456
33403
25213
10878
10881
6787
23174
2700
51853
55950
2702
23184
2705
6803
663
2720
10914
23209
683
31407
4790
51897
17081
25275
53945
17086
39614
17096
714
45770
17100
15053
58061
719
21201
2769
39643
4827
17118
4831
58080
2787
743
15081
746
15083
748
17133
752
753
4851
758
68348
767
11009
11010
66307
769
35591
41736
70409
41738
779
70412
2828
76558
780
31504
41745
785
21263
45846
41750
43807
801
19244
11054
58159
815
817
818
45871
27440
19255
19257
15168
19267
27460
58181
45894
15175
19272
41811
11093
11094
15194
11101
7011
11109
37735
43880
7019
66412
880
7027
41844
4986
9085
11134
43901
7044
39813
5000
19337
5002
5001
5004
70544
41878
25494
5016
2969
5023
5024
45984
5026
23459
27556
23460
5025
23463
27560
2984
23466
23471
27571
23476
52149
23478
23480
5050
15291
11196
954
15295
33727
3009
15297
15308
21463
15322
23515
3047
3048
3049
9193
5099
9196
9199
9210
17407
52224
9216
3083
9228
9232
9233
3089
3097
35867
3105
35877
35878
35881
35882
7211
3115
15405
3121
11315
11316
35892
52278
9269
35893
15419
7230
9280
1091
25679
17488
13394
13413
29799
42088
17515
29804
42093
35951
17519
1142
42103
76921
5242
78971
1151
1154
21636
9348
21647
1168
21649
46228
42134
21658
13467
11422
29855
21664
21668
21670
21672
11434
7348
7349
21690
7360
7362
7367
27850
40140
66765
66768
27858
9426
27859
13527
27863
3291
7390
19682
11497
27883
58604
19693
19694
27887
19696
27890
19700
19704
27900
21757
7422
19711
19709
19713
19714
27902
64782
17679
19727
19729
15634
9492
19732
27928
15640
1304
19741
44321
19746
64803
9508
19749
19745
13601
17704
27945
1321
1322
15660
11565
7470
1327
1328
15665
11570
15667
1332
3381
1334
15671
1336
11578
44346
19773
17730
1347
1346
19781
15685
17735
1356
1358
13649
1362
1364
7508
52565
11605
1368
25944
1370
13661
48479
1377
1378
11624
50538
1390
17779
1399
1407
15749
1418
1421
1422
1423
1424
1425
1434
1435
13728
64929
21922
1443
17829
1449
15786
3499
19883
13742
44465
23998
34239
24001
3528
60872
11722
21963
9674
3532
9672
9673
9681
3539
11731
24020
11735
9688
15832
9690
9691
9692
9693
19935
24031
3552
11748
38376
9705
5611
9708
3565
15853
3567
9713
24050
7669
13816
22008
13818
11768
1532
24061
3582
42492
9727
79361
7682
40452
9738
1550
9751
1559
1560
9754
28183
11804
40480
40481
40482
5668
22054
9767
9768
22058
28203
7725
28207
3638
15927
3644
48702
24128
15937
1601
3654
3658
3660
61005
44620
34383
9805
67153
3665
9810
3666
34386
3674
36447
15974
3687
3697
20082
3702
3704
32377
3706
3710
3711
40576
36483
36486
3719
36490
3722
3724
36492
36495
36498
59027
3733
40600
7833
7835
1692
22173
77467
1691
1696
1697
7845
1703
32424
69288
32426
9899
32428
50862
1711
9904
24243
22198
24247
32440
59065
1721
1723
11966
7870
7872
48835
34500
20165
20166
1739
3792
20176
26320
54994
20181
1750
1751
26328
20183
20184
40668
20193
20195
33322
12005
28393
16115
1780
14068
75510
3834
32507
7937
32517
32518
7943
1802
24331
1804
24333
16142
20246
24346
10010
24349
36637
36639
28454
24359
28455
36647
28458
24362
10029
10031
36660
32566
22329
22331
28477
55321
3904
22336
32578
28483
5955
3909
1863
46919
32585
3911
65352
22350
1872
5969
46931
22356
51027
1880
1881
38746
22361
26464
3937
1890
32611
1892
46946
5990
46951
1895
22374
1896
22372
32621
1903
6000
38769
1906
14195
3956
14196
3957
14199
14202
1923
32646
1927
16264
28553
1926
46988
38796
40849
16274
1937
10132
40851
14230
38802
10137
20381
20382
10142
34722
49060
51115
51119
20401
14260
10166
10170
67515
20411
4029
10174
26558
36798
4033
6082
4034
53188
24518
30667
34767
24528
53200
4047
4050
8148
4053
4055
57304
8155
14301
8158
61406
10209
8163
8164
10211
8168
8172
24558
12274
57331
24562
4083
16374
55287
10234
10239
